250363
330731
336601
927639
732191
234574
352681
401415
379953
255854
875133
424733
100896
972452
71810
931961
875069
820542
524280
2751
350786
424953
688316
586416
674531
126779
471806
726413
165880
908777
242468
552291
502897
283206
615816
886782
57418
671981
489258
475534
597285
713008
456034
574163
129456
251451
882502
56753
845752
627393
446453
545318
526745
38080
452703
977736
397739
133415
824336
219059
512743
313376
534239
552661
892858
544156
815851
147937
478718
378728
966305
519188
425442
731237
114638
969044
59384
344475
316195
381683
834035
729891
937929
769630
869068
337222
595829
314947
973444
929598
179452
304645
101618
48252
141949
132035
303437
483192
317692
708361
121832
188928
612746
114455
165519
67707
622115
432204
262464
322920
472566
809462
130703
643026
841091
472211
243267
673199
512321
227401
232171
69470
813795
895716
95367
836000
798518
6962
974700
928524
154145
454030
171581
126978
798002
905821
94897
909221
519221
595084
377612
489938
957757
175696
708517
537169
828219
726104
117475
487146
487836
389034
683128
726922
181839
558284
314423
42018
576132
322643
541966
662808
884261
938716
705312
978509
561974
726932
177772
708012
577004
219098
683785
604271
227029
192171
117212
737656
461313
712900
572150
750628
46648
342976
166948
234283
188764
840620
794371
29080
182701
786227
498866
948678
963229
375121
475850
292605
967831
405444
25331
772353
690156
392875
850426
685260
153424
718543
776966
394760
130271
686608
754215
703301
145265
88554
54123
852714
306410
800092
474839
49587
526175
63102
228888
733325
830075
478594
314651
163466
823702
428830
191477
310289
558911
78152
836992
994835
194604
167723
837097
282747
194386
259408
263552
723254
776773
676976
811899
719480
785837
866973
279682
947118
577773
802443
187287
277898
643555
647035
499670
978555
742449
73398
555776
763741
775127
61727
336251
648379
841551
184884
337910
122127
510792
456331
311090
574720
959488
507101
679271
911563
515437
598603
112760
110329
488864
595574
145178
90747
194437
541696
918364
913235
75443
791572
997310
977114
164393
967786
359109
301562
599645
879510
364415
71847
271168
789221
906321
296793
217645
193554
847585
157289
538516
257539
173544
145695
937634
357420
690894
670310
892150
575700
203441
246718
686596
107923
113291
747666
363722
308508
373577
378248
828892
856694
176443
130010
413135
234525
764027
192086
94894
963927
910696
462146
716474
887909
620670
67233
654090
212159
963881
126109
80527
237188
943774
252614
280087
31726
406253
903899
644923
135111
723498
998452
419351
227664
255713
66340
297970
220316
549389
834453
412139
551805
699927
114308
877366
445002
742286
46888
707359
404836
618279
198423
461306
122559
40042
300929
502331
876032
910133
818382
622862
448375
319886
656405
918037
982894
160764
647268
431785
649542
504798
242594
863307
730833
527214
421227
572115
330835
877945
481167
203570
673346
500165
541144
614918
692377
82053
989614
169817
737046
661619
927407
560133
928679
696508
925530
550930
609836
572160
989176
684737
853532
937038
713918
975279
514526
734624
94062
945459
237485
496469
319777
566545
353024
528562
505729
943785
775771
859971
524465
924412
911992
932719
366616
738433
560701
216840
659069
719139
53172
983168
993786
300540
625275
716150
919061
118143
817613
11747
132488
327792
393535
690968
423839
536699
343307
994322
174037
110636
424380
765486
392883
798702
490000
165163
267399
762477
509158
446025
213292
12448
260574
97999
344439
487962
220880
836377
325652
277361
398942
996477
533732
1746
299006
907369
464755
243568
953113
713165
557771
509538
54389
246107
279269
104481
170072
623478
203651
966661
410439
192088
217341
567301
850418
543645
482545
657232
769116
478824
161602
908149
990321
617024
985046
141561
379112
458205
457217
181503
199458
865252
842658
630923
615584
108546
156974
191312
291171
753210
161850
19295
639110
75768
662148
423681
724476
738349
471237
585131
700931
379135
963691
281231
541869
95032
621491
93476
99389
419567
275757
665460
393170
546114
576108
391246
927029
49536
231192
667281
855414
557809
810534
967562
970353
630748
78878
802873
420387
760137
910621
444212
986177
841343
211420
66492
434115
306368
269364
495484
873685
745098
341021
463474
246748
730457
303582
487276
415829
281346
520954
750530
795414
802143
278483
259182
371242
677851
832185
99490
89893
565212
53931
458928
539075
594577
407441
268866
944690
866560
223875
530162
485697
497199
146840
591374
117711
827998
882341
647839
167779
916480
209879
828335
711715
194469
636128
226591
116445
507318
960194
380171
244106
788595
490798
603868
956948
305218
795009
112367
275111
964118
669788
714849
696286
236525
834020
29372
48860
422558
119057
849225
39895
519040
341366
931084
163160
762159
58424
953719
417430
894304
859644
314013
873669
225620
200314
584909
200926
811866
540081
411987
359671
337662
564151
409275
271135
636135
957159
722815
932728
972364
721254
149685
117948
174893
690346
131131
482821
587260
811635
810750
474300
135055
566162
554138
905817
13400
850523
794782
21227
73615
276589
682591
470895
448049
795716
926000
515245
633184
449496
573859
588311
361547
510042
388084
987360
281970
744643
767784
316128
939708
742421
861574
538054
264779
450687
427184
109623
185830
682103
171639
57810
521246
533605
669442
433956
153407
878588
702411
499040
85057
938915
504452
451855
120098
526232
315737
113634
228161
108652
369798
20249
941662
896322
137457
591563
158528
185542
748426
140334
331267
613971
939043
889509
469388
409021
146195
846521
254176
650657
984602
711119
773837
141180
748403
919747
174138
13229
768833
281180
336824
832617
496212
613164
644098
77726
500778
274747
570867
943410
832085
680180
610479
567784
788643
207643
954011
442634
81241
940553
789844
705790
658297
722316
570818
121127
191407
697227
571460
18179
257525
91092
672903
430590
909629
891319
199832
581608
192458
627198
509551
367701
210528
486178
686053
967432
207327
292624
181612
530080
475658
50730
255246
151133
713618
259535
779848
204779
431648
88773
824135
805693
897781
217762
814382
332753
542576
133562
338351
903138
409440
859263
376514
136168
667063
542665
438271
541013
554429
168170
608072
382099
12422
72253
465493
996724
227707
895964
556933
227319
120113
181615
798017
237764
895903
711418
57919
34219
290169
233976
44020
529443
789398
470099
826971
293041
834367
847396
535526
299727
960715
791947
426464
26047
220398
128634
399185
819084
157121
77821
341140
946431
155229
140719
672780
899830
397546
476534
938649
53169
663752
151757
572395
542939
802031
36658
434078
506100
225286
65368
224086
661197
377868
294200
24084
463398
961370
166179
450132
225752
715078
194687
808862
762225
950549
49055
574236
945115
979061
83249
686500
327869
139833
838766
326872
611072
666246
994038
515105
203790
661312
338742
585600
778464
606416
387407
217859
301133
862402
393138
720359
62300
175583
591063
513760
597402
149130
828727
915112
716245
466238
68961
58501
982769
998460
506519