129456380
374321860
2383312
209739732
917290659
418764096
950502694
655619910
120921619
557360128
870584941
370665464
702443748
356414671
656427641
69754141
427639475
719110442
574189626
414974311
32543238
900906030
809330074
141568473
436141681
412425007
470833326
404236860
398730459
254178848
642393760
139460153
848673085
555989084
792472901
639402994
37626435
909073580
297135206
173892455
665448587
857659974
621213673
272517177
248885438
946096800
688772993
89761688
754332696
597879576
365182347
471846505
271270945
201762535
285018319
771447437
924744337
866877689
572055726
539387426
780394630
608514394
586648219
762673247
422135560
309008490
716862008
117059524
534536429
720897513
853733903
994482412
217684087
664590228
782367512
327809608
898050724
50241283
803808591
538681858
65958234
800161662
57233201
219370644
474054486
248477519
433955107
92749000
547596082
615563950
666072574
845124879
259960746
395045390
144000849
631011465
756392896
654436149
58924078
421283769
259296191
178695413
37729014
778937884
88493534
2871466
761009521
990634733
331259556
662074017
535219846
67743295
178797890
473227212
876860527
646071760
688756860
108459906
317103286
835243138
298389591
652776646
811076740
877408611
840093417
527926381
267115687
682937645
194666674
252933993
280706949
927670386
850361692
747439168
168240819
586513226
185871179
954965949
727965342
371907101
386000246
676041275
634814384
499824615
172022866
635727594
165932739
161961461
204118156
980782120
289732785
501122959
573013509
383808587
800448803
355223787
920880703
609751263
66401015
154969890
132247619
751885222
91841454
723643037
718624716
339655903
816583033
235205185
954972654
78174483
567215578
345520888
486164635
341338627
925562744
402555099
776401154
187317392
565363014
940174299
987045154
165147761
967520179
636233470
733147418
262868979
327489744
143179603
825500649
2840296
183532549
37298312
248362574
918026510
394651901
930796915
770068397
986449047
794137632
514224524
3449330
707295603
514709735
381865002
907163618
180081423
427385267
561658344
359282488
720392467
922834891
951184891
430938480
736428286
485214437
132618716
897632767
412245362
590938633
215984648
158005380
686704621
924779809
444662954
276113744
325808393
636478827
358680743
214233070
683463002
699256077
317236710
545438260
448849503
605745822
418328440
502645377
994203288
690587948
987605244
518973168
210971193
321759425
953300877
440458170
595179291
767173693
282141774
970602356
658549253
876194330
469526668
790023825
437340953
365141048
811231453
347080190
885527279
234308728
558532287
124424878
422668027
678901592
817314768
885155914
50475260
669027950
955161887
520086195
322842078
958301464
64240459
679825696
628956633
107927433
572103616
63635944
600900261
603604736
350101798
916689929
753020391
515245541
693413235
102632609
227410043
630153794
478931799
696689842
873151913
698227479
631363909
925132425
259488354
408048258
234400157
453598196
240884311
96044642
445857548
562860050
209599158
715712293
495637437
574534492
856131696
365407056
587218018
38738860
513595507
565883050
484382221
860428953
428924759
640783647
910253842
530131494
382205209
31829272
917618825
299355397
113673289
886686711
889662922
871748058
469043233
174120403
864285737
498835945
966244250
23176827
35444835
427190356
118900695
111294110
667218959
591533425
405765865
191055854
88187742
817707897
224139487
372617307
373474621
488872214
549262327
888587704
656623717
348351806
802257451
196692740
150279607
503898369
392169023
352498200
944901025
148011919
379454239
290110098
370115598
326965208
703858460
789969038
734969057
800616750
69514023
733831902
374724098
734489642
138263131
82043453
208385038
150516852
440856017
373681299
48159303
780209251
233553911
999071377
470741455
156587064
592822492
841838088
65033840
954100019
188955519
506076088
128501720
287083244
912474496
709407959
550535714
123856128
811892845
131306568
898017148
294922108
568454573
219730043
549456980
707735168
820909996
750470573
298756253
86345424
304463713
504899371
324994333
937099713
389228016
182504959
150467433
95227744
98374382
561573434
318497129
471341904
95073758
747254428
817647072
203619389
230627689
676273738
390569147
121870089
521685312
147860694
330450992
228511494
101647601
263890795
174050329
121277742
510779174
180017076
622004935
809540129
860004630
873235056
105036419
884250456
953933853
271529653
560935879
881546348
865464033
209784444
442449877
127021053
194995549
419085818
407192137
723182051
992858306
340257491
741505920
399755087
473585138
968795758
356748388
536623488
577137871
256514382
744571301
5022096
947617248
844248623
475814820
843093406
55064954
860277125
256516063
238447378
358190583
525411611
104770208
116375010
155005921
298901719
696141027
253749675
424483028
693953438
635024395
838894286
665522612
330855131
945192823
349193727
822242808
114913731
950946710
196678213
468083733
687534588
474826930
993750705
84855315
135695131
152911022
430721761
364755145
471944790
106516390
870319426
521173481
783627789
67167822
208025114
919203638
468249100
977426904
126698411
532473906
155727734
23264320
985114095
54109361
293481758
804407946
724545768
176479884
619290708
101555777
169446839
742604332
302617894
591769855
685524472
275946641
985453028
131178521
335122270
690692317
562265463
352606392
504891817
591657855
999873717
729015333
128649669
8023140
686916373
932251759
470608924
407061817
98967770
877407379
645676848
145147640
844885067
303643242
518239241
954039643
667306347
216528306
102526296
740463149
687400334
248217959
756117243
31880403
956007040
935193115
331543416
328911150
558224507
686412159
872947222
872531989
874998705
269932181
613113182
11033105
819219573
341854251
850541821
265516582
879780507
60021031
523118299
34887280
380285353
95625489
336183803
765078744
131190377
293109565
963614838
141621908
259643697
483164012
881977233
239841132
671145153
585323779
808425534
569761137
90890144
856307790
766245094
2973184
230346163
870264571
273042704
656042428
735497885
896367298
120369124
248859883
130320089
498366123
351523895
242691430
288484712
263922384
73285552
585803974
716079577
906085530
308439983
391976286
816243314
354034407
748616367
704175007
615266938
753435546
365179908
396171275
314900745
822828818
992575560
987646331
433688963
396919539
800737599
847156077
762856069
81437220
222746768
172897903
637158437
666959980
449183372
496903663
519749829
491822470
496661726
375174567
328028767
337194299
206865461
630549684
326857523
251134861
209483876
853646958
521635367
927871062
550833112
938669652
311943625
532480200
432390267
661767725
695105467
401278260
237196179
361245638
10409336
733993178
533722186
143511706
782977306
981180535
985064768
832755319
434977487
863508828
730677122
27727789
752440385
870593756
36544917
846371414
641374048
333606934
677841608
809001422
760318951
704409090
144087980
812852990
497144788
883626593
191218272
429127715
811011087
845867353
222578826
770808597
302619951
342454965
165165020
120465249
932020634
661128003
42260801
233576407
863235799
854855206
656989887
513592324
105220043
912767613
883901449
305233228
669331515
943726242
395646294
231263273
549202540
414529474
559312128
555278976
687550631
884962947
988409383
140368233
287214083
248782090
158720343
627073795
957057614
428468032
553452804
874091447
168535749
228019918
155968868
903464236
408638632
800868619
673534297
483801284
302906857
879507254
738053552
535230581
999421206
308364034
33885635
265352639
742292925
107024895
926559567
440700674
34824136
412301567
466436929
118377040
322532460
246434972
77067058
274644844
976679522
472810231
562622225
479756752
832776535
784432879
585080186
229430971
921171172
323683070
138993204
391049597
12085240
966751432
999031915
731340285
12656465
927292358
564057541
320849130
50842345
812150841
796681835
237189131
776809452
66356130
533402166
139949684
146695240
639458646
546179258
251586137
363226163
849063316
879690429
587642589
433407805
354061391
60002960
816288180
244337994
385720528
13729060
125570123
570853403
538948194
472590775
528422190
881449552
704866998
289575958
433988549
463350575
558394823
501089424
164859716
835008257
813161832
223092334
276300946
655505632
906469833
410831990
31893845
357874877
695947835
401067170
584552763
191667749
47169028
577158912
362174622
561926453
101483922
54657595
26189356
830185223
783493564
979613873
682651413
749424079
784903499
528220374
706761080
7380667
626130751
578288701
349888501
156881514
965533719
911510165
947424181
943548467
867947310
580697757
131356036
771122322
243493741
17731367
737575441
679630687
19962827
424141092
558722327
889171561
577438983
808141384
600627318
775487159
233395384
110456077
420974526
316802229
110205572
440716577
337694552
304167647
712193403
657964110
593989420
908282249
164282483
663606043
210113858
182460720
924348357
712410289
592858553
347317870
500756955
500581671
444718505
478055693
301810538
446590584
998749677
314150056
808776987
761929377
221268870
82563266
846361151
410108064
936582944
215786352
27221812
126622602
930216791
341403753
145975184
848110304
260152509
761025421
488628283
119255865
752278542
693419243
312685718
786363431
141864927
369246820
882940111
456926597
734855189
612652923
162661011
774787895
925851458
492146404
164803522
441954107
760622685
861084463
974098274
288262395
72067946
652022254
753796337
489883033
910156585
566638513
765219036
211034227
119639944
533861892
366948348
125778123
583016559
904379178
542398679
898367808
874735084
900917085
655904717
852052067
278597683
376476827
273757866
461069072
919097114
279825297
658964229
933425199
307194921
8388459
15009251
760259025
503805564
366646249
161956607
581002588
423962219
632448884
434682500
714205112
668420399
70952027
423674094
427261340
937206750
479762343
869480256
397221835
218248921
593229117
208468195
606263715
929276846
695211959
593694765
693913398
892668508
96497627
957355548
